[gd_scene load_steps=17 format=3 uid="uid://c5w1jp5aqndav"]

[ext_resource type="PackedScene" uid="uid://cae5y4l6ajbrh" path="res://entities/Robot.tscn" id="1_34fhc"]
[ext_resource type="Script" path="res://scripts/Scope.gd" id="1_hsoda"]
[ext_resource type="PackedScene" uid="uid://xgytm0x4vyxr" path="res://entities/Building1.tscn" id="2_3hcdi"]
[ext_resource type="Texture2D" uid="uid://c1lucmhlfshvx" path="res://sprites/BackgroundCity.png" id="3_5ylqb"]
[ext_resource type="PackedScene" uid="uid://875s58aqkj0m" path="res://entities/Scope.tscn" id="3_mhdjc"]
[ext_resource type="PackedScene" uid="uid://drsxmxgwgafc8" path="res://entities/Cloud.tscn" id="4_edb36"]
[ext_resource type="PackedScene" uid="uid://dw4kbcrlkoquw" path="res://entities/Building2.tscn" id="5_pdc1a"]
[ext_resource type="PackedScene" uid="uid://bopp5b7ximg8j" path="res://entities/Building3.tscn" id="6_u7yh4"]
[ext_resource type="PackedScene" uid="uid://c1fc6487gnb7h" path="res://entities/Building4.tscn" id="7_ruxmx"]
[ext_resource type="PackedScene" uid="uid://naax4p7xxp6t" path="res://entities/Building5.tscn" id="8_nhysn"]
[ext_resource type="PackedScene" uid="uid://cyeebkv418si3" path="res://entities/Building6.tscn" id="9_u2y5d"]

[sub_resource type="ProceduralSkyMaterial" id="ProceduralSkyMaterial_c5g0x"]
sky_top_color = Color(0.763506, 0.581599, 0.666773, 1)
sky_horizon_color = Color(0.788235, 0.247059, 0.4, 1)
sky_curve = 0.243675
sun_angle_max = 15.0
sun_curve = 2.29739

[sub_resource type="Sky" id="Sky_7g2di"]
sky_material = SubResource("ProceduralSkyMaterial_c5g0x")

[sub_resource type="Environment" id="Environment_hcvir"]
background_mode = 2
sky = SubResource("Sky_7g2di")
ambient_light_source = 3
ambient_light_energy = 2.0
glow_enabled = true

[sub_resource type="StandardMaterial3D" id="StandardMaterial3D_3ntjg"]
transparency = 2
alpha_scissor_threshold = 0.5
alpha_antialiasing_mode = 0
albedo_texture = ExtResource("3_5ylqb")
uv1_scale = Vector3(5, 1, 1)

[sub_resource type="QuadMesh" id="QuadMesh_weo5w"]
material = SubResource("StandardMaterial3D_3ntjg")
size = Vector2(400, 40)
center_offset = Vector3(0, 20, 0)

[node name="Main" type="Node3D"]

[node name="WorldEnvironment" type="WorldEnvironment" parent="."]
environment = SubResource("Environment_hcvir")

[node name="DirectionalLight3D" type="DirectionalLight3D" parent="WorldEnvironment"]
transform = Transform3D(0.907777, -0.0728371, -0.41308, 0, -0.984808, 0.173648, -0.419452, -0.157634, -0.893986, 0, 40, 0)
light_color = Color(1, 0.54902, 0.580392, 1)
directional_shadow_mode = 0

[node name="Camera3D" type="Camera3D" parent="."]
transform = Transform3D(1, 0, 0, 0, 0.990268, 0.139173, 0, -0.139173, 0.990268, 0, 14.4929, 55.4274)
script = ExtResource("1_hsoda")

[node name="Scope" parent="Camera3D" instance=ExtResource("3_mhdjc")]
transform = Transform3D(0.09, 0, 0, 0, 0.09, 0, 0, 0, 0.09, 0, 0, -1)

[node name="Timer" type="Timer" parent="Camera3D"]
wait_time = 0.5
one_shot = true

[node name="Robot" parent="." instance=ExtResource("1_34fhc")]
transform = Transform3D(1, 0, 0, 0, 1, 0, 0, 0, 1, 5.97953, 7.40414, -34.2069)

[node name="Buildings" type="Node3D" parent="."]

[node name="Building1" parent="Buildings" instance=ExtResource("2_3hcdi")]
transform = Transform3D(0.857392, 0, 0.514664, 0, 1, 0, -0.514664, 0, 0.857392, -15.879, 0, -35.3374)

[node name="Building2" parent="Buildings" instance=ExtResource("2_3hcdi")]
transform = Transform3D(0.857392, 0, 0.514664, 0, 1, 0, -0.514664, 0, 0.857392, -11.5921, 0, -37.9107)

[node name="Building3" parent="Buildings" instance=ExtResource("2_3hcdi")]
transform = Transform3D(0.857392, 0, 0.514664, 0, 1, 0, -0.514664, 0, 0.857392, -7.3051, 0, -40.484)

[node name="Building4" parent="Buildings" instance=ExtResource("2_3hcdi")]
transform = Transform3D(0.857392, 0, 0.514664, 0, 1, 0, -0.514664, 0, 0.857392, -3.01814, 0, -43.0574)

[node name="Building5" parent="Buildings" instance=ExtResource("5_pdc1a")]
transform = Transform3D(0.857392, 0, 0.514664, 0, 1, 0, -0.514664, 0, 0.857392, 2.12621, 0, -46.1453)

[node name="Building6" parent="Buildings" instance=ExtResource("5_pdc1a")]
transform = Transform3D(0.857392, 0, 0.514664, 0, 1, 0, -0.514664, 0, 0.857392, -21.0234, 0, -32.2494)

[node name="Building7" parent="Buildings" instance=ExtResource("2_3hcdi")]
transform = Transform3D(0.746882, 0, -0.664957, 0, 1, 0, 0.664957, 0, 0.746882, 19.1247, 0, -37.9407)

[node name="Building8" parent="Buildings" instance=ExtResource("2_3hcdi")]
transform = Transform3D(0.746882, 0, -0.664957, 0, 1, 0, 0.664957, 0, 0.746882, 22.8592, 0, -34.6159)

[node name="Building9" parent="Buildings" instance=ExtResource("2_3hcdi")]
transform = Transform3D(0.746882, 0, -0.664957, 0, 1, 0, 0.664957, 0, 0.746882, 26.5936, 0, -31.2912)

[node name="Building10" parent="Buildings" instance=ExtResource("2_3hcdi")]
transform = Transform3D(0.746882, 0, -0.664957, 0, 1, 0, 0.664957, 0, 0.746882, 30.328, 0, -27.9664)

[node name="Building11" parent="Buildings" instance=ExtResource("5_pdc1a")]
transform = Transform3D(0.746882, 0, -0.664957, 0, 1, 0, 0.664957, 0, 0.746882, 34.8093, 0, -23.9766)

[node name="Building12" parent="Buildings" instance=ExtResource("5_pdc1a")]
transform = Transform3D(0.746882, 0, -0.664957, 0, 1, 0, 0.664957, 0, 0.746882, 14.6434, 0, -41.9305)

[node name="Building13" parent="Buildings" instance=ExtResource("6_u7yh4")]
transform = Transform3D(0.852941, 0, 0.522007, 0, 1, 0, -0.522007, 0, 0.852941, -19.5887, 0, -21.1857)

[node name="Building14" parent="Buildings" instance=ExtResource("6_u7yh4")]
transform = Transform3D(0.522007, 0, -0.852941, 0, 1, 0, 0.852941, 0, 0.522007, -9.82421, 0, -22.472)

[node name="Building16" parent="Buildings" instance=ExtResource("6_u7yh4")]
transform = Transform3D(0.522007, 0, -0.852941, 0, 1, 0, 0.852941, 0, 0.522007, -18.3024, 0, -11.4212)

[node name="Building15" parent="Buildings" instance=ExtResource("6_u7yh4")]
transform = Transform3D(0.852941, 0, 0.522007, 0, 1, 0, -0.522007, 0, 0.852941, -8.53791, 0, -12.7075)

[node name="Building17" parent="Buildings" instance=ExtResource("9_u2y5d")]
transform = Transform3D(0.852941, 0, 0.522007, 0, 1, 0, -0.522007, 0, 0.852941, -13.3758, 0, -16.7811)

[node name="Building18" parent="Buildings" instance=ExtResource("8_nhysn")]
transform = Transform3D(0.995356, 0, 0.0962627, 0, 1, 0, -0.0962627, 0, 0.995356, 7.39521, 0, -20.38)

[node name="Building19" parent="Buildings" instance=ExtResource("7_ruxmx")]
transform = Transform3D(0.995356, 0, 0.0962627, 0, 1, 0, -0.0962627, 0, 0.995356, 10.156, 0, -12.6097)

[node name="Building20" parent="Buildings" instance=ExtResource("7_ruxmx")]
transform = Transform3D(0.995356, 0, 0.0962627, 0, 1, 0, -0.0962627, 0, 0.995356, 10.5411, 0, -8.62824)

[node name="Building21" parent="Buildings" instance=ExtResource("7_ruxmx")]
transform = Transform3D(0.995356, 0, 0.0962627, 0, 1, 0, -0.0962627, 0, 0.995356, 22.1003, 0, -13.7648)

[node name="Building22" parent="Buildings" instance=ExtResource("7_ruxmx")]
transform = Transform3D(0.995356, 0, 0.0962627, 0, 1, 0, -0.0962627, 0, 0.995356, 22.4853, 0, -9.78339)

[node name="Building23" parent="Buildings" instance=ExtResource("5_pdc1a")]
transform = Transform3D(0.995356, 0, 0.0962627, 0, 1, 0, -0.0962627, 0, 0.995356, 24.4125, 0, -21.0211)

[node name="Building24" parent="Buildings" instance=ExtResource("2_3hcdi")]
transform = Transform3D(0.995356, 0, 0.0962627, 0, 1, 0, -0.0962627, 0, 0.995356, 18.5366, 0, -19.4482)

[node name="Building25" parent="Buildings" instance=ExtResource("2_3hcdi")]
transform = Transform3D(0.995356, 0, 0.0962627, 0, 1, 0, -0.0962627, 0, 0.995356, 17.9591, 0, -25.4203)

[node name="Building26" parent="Buildings" instance=ExtResource("9_u2y5d")]
transform = Transform3D(1, 0, 0, 0, 1, 0, 0, 0, 1, 9.93783, 0, -54.9031)

[node name="Building27" parent="Buildings" instance=ExtResource("9_u2y5d")]
transform = Transform3D(1, 0, 0, 0, 1, 0, 0, 0, 1, 12.9378, 0, -54.9031)

[node name="Building28" parent="Buildings" instance=ExtResource("9_u2y5d")]
transform = Transform3D(1, 0, 0, 0, 1, 0, 0, 0, 1, 9.93783, 0, -51.9031)

[node name="Building29" parent="Buildings" instance=ExtResource("9_u2y5d")]
transform = Transform3D(1, 0, 0, 0, 1, 0, 0, 0, 1, 12.9378, 0, -51.9031)

[node name="Building30" parent="Buildings" instance=ExtResource("2_3hcdi")]
transform = Transform3D(-0.86654, 0, 0.499108, 0, 1, 0, -0.499108, 0, -0.86654, 1.43778, 0, -26.7667)

[node name="Building31" parent="Buildings" instance=ExtResource("2_3hcdi")]
transform = Transform3D(-0.86654, 0, 0.499108, 0, 1, 0, -0.499108, 0, -0.86654, -2.89492, 0, -29.2622)

[node name="Building32" parent="Buildings" instance=ExtResource("2_3hcdi")]
transform = Transform3D(-0.86654, 0, 0.499108, 0, 1, 0, -0.499108, 0, -0.86654, -7.22762, 0, -31.7578)

[node name="Building33" parent="Buildings" instance=ExtResource("6_u7yh4")]
transform = Transform3D(-0.255918, 0, -0.966698, 0, 1, 0, 0.966698, 0, -0.255918, 37.6284, 0, -2.53817)

[node name="Building34" parent="Buildings" instance=ExtResource("6_u7yh4")]
transform = Transform3D(-0.255918, 0, -0.966698, 0, 1, 0, 0.966698, 0, -0.255918, 43.2586, 0, -23.8055)

[node name="Building35" parent="Buildings" instance=ExtResource("8_nhysn")]
transform = Transform3D(-0.255918, 0, -0.966698, 0, 1, 0, 0.966698, 0, -0.255918, 42.3769, 0, -12.66)

[node name="Building36" parent="Buildings" instance=ExtResource("7_ruxmx")]
transform = Transform3D(0.786483, 0, 0.617613, 0, 1, 0, -0.617613, 0, 0.786483, -13.4194, 1.90735e-06, -1.91301)

[node name="Building37" parent="Buildings" instance=ExtResource("7_ruxmx")]
transform = Transform3D(0.786483, 0, 0.617613, 0, 1, 0, -0.617613, 0, 0.786483, -3.98158, 1.90735e-06, -9.32436)

[node name="Building38" parent="Buildings" instance=ExtResource("7_ruxmx")]
transform = Transform3D(0.786483, 0, 0.617613, 0, 1, 0, -0.617613, 0, 0.786483, -10.9489, 1.90735e-06, 1.23292)

[node name="Building39" parent="Buildings" instance=ExtResource("7_ruxmx")]
transform = Transform3D(0.786483, 0, 0.617613, 0, 1, 0, -0.617613, 0, 0.786483, -1.51113, 1.90735e-06, -6.17843)

[node name="Building40" parent="Buildings" instance=ExtResource("9_u2y5d")]
transform = Transform3D(0.94983, 0, -0.312766, 0, 1, 0, 0.312766, 0, 0.94983, 59.4977, 0, -45.084)

[node name="Building41" parent="Buildings" instance=ExtResource("9_u2y5d")]
transform = Transform3D(0.94983, 0, -0.312766, 0, 1, 0, 0.312766, 0, 0.94983, 55.6984, 0, -46.3351)

[node name="Building42" parent="Buildings" instance=ExtResource("9_u2y5d")]
transform = Transform3D(0.94983, 0, -0.312766, 0, 1, 0, 0.312766, 0, 0.94983, 51.8991, 0, -47.5862)

[node name="Building43" parent="Buildings" instance=ExtResource("9_u2y5d")]
transform = Transform3D(0.94983, 0, -0.312766, 0, 1, 0, 0.312766, 0, 0.94983, 48.0997, 0, -48.8372)

[node name="Building44" parent="Buildings" instance=ExtResource("9_u2y5d")]
transform = Transform3D(0.94983, 0, -0.312766, 0, 1, 0, 0.312766, 0, 0.94983, 44.3004, 0, -50.0883)

[node name="Building45" parent="Buildings" instance=ExtResource("9_u2y5d")]
transform = Transform3D(0.94983, 0, -0.312766, 0, 1, 0, 0.312766, 0, 0.94983, 40.5011, 0, -51.3394)

[node name="Building46" parent="Buildings" instance=ExtResource("5_pdc1a")]
transform = Transform3D(0.94983, 0, -0.312766, 0, 1, 0, 0.312766, 0, 0.94983, 35.1264, 0, -51.0035)

[node name="Building47" parent="Buildings" instance=ExtResource("5_pdc1a")]
transform = Transform3D(0.94983, 0, -0.312766, 0, 1, 0, 0.312766, 0, 0.94983, 63.6213, 0, -41.6205)

[node name="Building48" parent="Buildings" instance=ExtResource("2_3hcdi")]
transform = Transform3D(0.873653, 0, -0.486549, 0, 1, 0, 0.486549, 0, 0.873653, 56.7331, 3.8147e-06, -23.3208)

[node name="Building49" parent="Buildings" instance=ExtResource("5_pdc1a")]
transform = Transform3D(0.873653, 0, -0.486549, 0, 1, 0, 0.486549, 0, 0.873653, 62.8487, 3.8147e-06, -19.915)

[node name="Building50" parent="Buildings" instance=ExtResource("2_3hcdi")]
transform = Transform3D(0.873653, 0, -0.486549, 0, 1, 0, 0.486549, 0, 0.873653, 68.9643, 3.8147e-06, -16.5091)

[node name="Building51" parent="Buildings" instance=ExtResource("5_pdc1a")]
transform = Transform3D(0.873653, 0, -0.486549, 0, 1, 0, 0.486549, 0, 0.873653, 54.6875, 3.8147e-06, -17.5924)

[node name="Building52" parent="Buildings" instance=ExtResource("5_pdc1a")]
transform = Transform3D(0.873653, 0, -0.486549, 0, 1, 0, 0.486549, 0, 0.873653, 65.1713, 3.8147e-06, -11.7538)

[node name="Building53" parent="Buildings" instance=ExtResource("2_3hcdi")]
transform = Transform3D(0.873653, 0, -0.486549, 0, 1, 0, 0.486549, 0, 0.873653, 59.9294, 3.8147e-06, -14.6731)

[node name="Building54" parent="Buildings" instance=ExtResource("8_nhysn")]
transform = Transform3D(0.991631, 0, -0.129107, 0, 1, 0, 0.129107, 0, 0.991631, 36.3401, 0, -38.3132)

[node name="Building55" parent="Buildings" instance=ExtResource("8_nhysn")]
transform = Transform3D(0.991631, 0, -0.129107, 0, 1, 0, 0.129107, 0, 0.991631, 45.2647, 0, -37.1513)

[node name="Building56" parent="Buildings" instance=ExtResource("2_3hcdi")]
transform = Transform3D(0.994955, 0, -0.100327, 0, 1, 0, 0.100327, 0, 0.994955, 63.8455, 0, -60.4444)

[node name="Building57" parent="Buildings" instance=ExtResource("2_3hcdi")]
transform = Transform3D(0.994955, 0, -0.100327, 0, 1, 0, 0.100327, 0, 0.994955, 51.906, 0, -61.6483)

[node name="Building58" parent="Buildings" instance=ExtResource("5_pdc1a")]
transform = Transform3D(0.994955, 0, -0.100327, 0, 1, 0, 0.100327, 0, 0.994955, 57.8758, 0, -61.0464)

[node name="Building59" parent="Buildings" instance=ExtResource("5_pdc1a")]
transform = Transform3D(0.994955, 0, -0.100327, 0, 1, 0, 0.100327, 0, 0.994955, 45.9363, 0, -62.2503)

[node name="Building60" parent="Buildings" instance=ExtResource("2_3hcdi")]
transform = Transform3D(0.994955, 0, -0.100327, 0, 1, 0, 0.100327, 0, 0.994955, 39.9666, 0, -62.8522)

[node name="Building61" parent="Buildings" instance=ExtResource("9_u2y5d")]
transform = Transform3D(0.999816, 0, 0.0191625, 0, 1, 0, -0.0191625, 0, 0.999816, 44.1657, 0, -0.0538721)

[node name="Building62" parent="Buildings" instance=ExtResource("9_u2y5d")]
transform = Transform3D(0.999816, 0, 0.0191625, 0, 1, 0, -0.0191625, 0, 0.999816, 48.165, 0, -0.130522)

[node name="Building63" parent="Buildings" instance=ExtResource("8_nhysn")]
transform = Transform3D(0.999816, 0, 0.0191625, 0, 1, 0, -0.0191625, 0, 0.999816, 55.1062, 0, -3.26411)

[node name="Building64" parent="Buildings" instance=ExtResource("7_ruxmx")]
transform = Transform3D(0.957264, 0, -0.289216, 0, 1, 0, 0.289216, 0, 0.957264, 44.1957, 0, 5.72858)

[node name="Building65" parent="Buildings" instance=ExtResource("7_ruxmx")]
transform = Transform3D(0.957264, 0, -0.289216, 0, 1, 0, 0.289216, 0, 0.957264, 55.6828, 0, 9.19917)

[node name="Building66" parent="Buildings" instance=ExtResource("6_u7yh4")]
transform = Transform3D(0.392048, 0, 0.919945, 0, 1, 0, -0.919945, 0, 0.392048, -49.1149, 0, -15.1032)

[node name="Building67" parent="Buildings" instance=ExtResource("5_pdc1a")]
transform = Transform3D(0.392048, 0, 0.919945, 0, 1, 0, -0.919945, 0, 0.392048, -45.1944, 0, -24.3026)

[node name="Building68" parent="Buildings" instance=ExtResource("6_u7yh4")]
transform = Transform3D(0.392048, 0, 0.919945, 0, 1, 0, -0.919945, 0, 0.392048, -41.2739, 0, -33.5021)

[node name="Building69" parent="Buildings" instance=ExtResource("8_nhysn")]
transform = Transform3D(0.0938303, 0, 0.995588, 0, 1, 0, -0.995588, 0, 0.0938303, -33.4155, 0, -13.4263)

[node name="Building70" parent="Buildings" instance=ExtResource("8_nhysn")]
transform = Transform3D(0.0938303, 0, 0.995588, 0, 1, 0, -0.995588, 0, 0.0938303, -32.4772, 0, -23.3822)

[node name="Building71" parent="Buildings" instance=ExtResource("7_ruxmx")]
transform = Transform3D(0.881888, 0, 0.471458, 0, 1, 0, -0.471458, 0, 0.881888, -98.2087, 0, 0.297722)

[node name="Building72" parent="Buildings" instance=ExtResource("7_ruxmx")]
transform = Transform3D(0.881888, 0, 0.471458, 0, 1, 0, -0.471458, 0, 0.881888, -87.626, 0, -5.35978)

[node name="Building73" parent="Buildings" instance=ExtResource("7_ruxmx")]
transform = Transform3D(0.881888, 0, 0.471458, 0, 1, 0, -0.471458, 0, 0.881888, -100.095, 0, -3.22983)

[node name="Building74" parent="Buildings" instance=ExtResource("7_ruxmx")]
transform = Transform3D(0.881888, 0, 0.471458, 0, 1, 0, -0.471458, 0, 0.881888, -89.5119, 0, -8.88733)

[node name="Building75" parent="Buildings" instance=ExtResource("7_ruxmx")]
transform = Transform3D(0.393429, 0, 0.919355, 0, 1, 0, -0.919355, 0, 0.393429, -113.144, 0, 20.5977)

[node name="Building76" parent="Buildings" instance=ExtResource("7_ruxmx")]
transform = Transform3D(0.393429, 0, 0.919355, 0, 1, 0, -0.919355, 0, 0.393429, -108.423, 0, 9.56541)

[node name="Building77" parent="Buildings" instance=ExtResource("7_ruxmx")]
transform = Transform3D(0.393429, 0, 0.919355, 0, 1, 0, -0.919355, 0, 0.393429, -116.821, 0, 19.024)

[node name="Building78" parent="Buildings" instance=ExtResource("7_ruxmx")]
transform = Transform3D(0.393429, 0, 0.919355, 0, 1, 0, -0.919355, 0, 0.393429, -112.1, 0, 7.9917)

[node name="Building79" parent="Buildings" instance=ExtResource("7_ruxmx")]
transform = Transform3D(0.983169, 0, -0.182699, 0, 1, 0, 0.182699, 0, 0.983169, -75.1094, 0, -7.66588)

[node name="Building80" parent="Buildings" instance=ExtResource("7_ruxmx")]
transform = Transform3D(0.983169, 0, -0.182699, 0, 1, 0, 0.182699, 0, 0.983169, -63.3114, 0, -5.4735)

[node name="Building81" parent="Buildings" instance=ExtResource("7_ruxmx")]
transform = Transform3D(0.983169, 0, -0.182699, 0, 1, 0, 0.182699, 0, 0.983169, -74.3786, 0, -11.5986)

[node name="Building82" parent="Buildings" instance=ExtResource("7_ruxmx")]
transform = Transform3D(0.983169, 0, -0.182699, 0, 1, 0, 0.182699, 0, 0.983169, -62.5806, 0, -9.40617)

[node name="Building83" parent="Buildings" instance=ExtResource("6_u7yh4")]
transform = Transform3D(0.889384, 0, 0.45716, 0, 1, 0, -0.45716, 0, 0.889384, -126.639, 0, -2.07015)

[node name="Building84" parent="Buildings" instance=ExtResource("6_u7yh4")]
transform = Transform3D(0.889384, 0, 0.45716, 0, 1, 0, -0.45716, 0, 0.889384, -114.188, 0, -8.47039)

[node name="Building85" parent="Buildings" instance=ExtResource("6_u7yh4")]
transform = Transform3D(0.889384, 0, 0.45716, 0, 1, 0, -0.45716, 0, 0.889384, -101.737, 0, -14.8706)

[node name="Building86" parent="Buildings" instance=ExtResource("6_u7yh4")]
transform = Transform3D(0.889384, 0, 0.45716, 0, 1, 0, -0.45716, 0, 0.889384, -89.2853, 0, -21.2709)

[node name="Building87" parent="Buildings" instance=ExtResource("2_3hcdi")]
transform = Transform3D(0.986666, 0, -0.162758, 0, 1, 0, 0.162758, 0, 0.986666, -61.3648, 0, -19.9435)

[node name="Building88" parent="Buildings" instance=ExtResource("2_3hcdi")]
transform = Transform3D(0.986666, 0, -0.162758, 0, 1, 0, 0.162758, 0, 0.986666, -67.2848, 0, -20.92)

[node name="Building89" parent="Buildings" instance=ExtResource("2_3hcdi")]
transform = Transform3D(0.986666, 0, -0.162758, 0, 1, 0, 0.162758, 0, 0.986666, -73.2048, 0, -21.8966)

[node name="Building90" parent="Buildings" instance=ExtResource("2_3hcdi")]
transform = Transform3D(0.986666, 0, -0.162758, 0, 1, 0, 0.162758, 0, 0.986666, -60.3883, 0, -25.8635)

[node name="Building91" parent="Buildings" instance=ExtResource("2_3hcdi")]
transform = Transform3D(0.986666, 0, -0.162758, 0, 1, 0, 0.162758, 0, 0.986666, -66.3083, 0, -26.84)

[node name="Building92" parent="Buildings" instance=ExtResource("2_3hcdi")]
transform = Transform3D(0.986666, 0, -0.162758, 0, 1, 0, 0.162758, 0, 0.986666, -72.2283, 0, -27.8166)

[node name="Building93" parent="Buildings" instance=ExtResource("9_u2y5d")]
transform = Transform3D(0.938619, 0, 0.344954, 0, 1, 0, -0.344954, 0, 0.938619, -78.7536, 0, -35.5453)

[node name="BackgroundCity" type="MeshInstance3D" parent="."]
transform = Transform3D(1, 0, 0, 0, 1, 0, 0, 0, 1, 0, 0, -128)
mesh = SubResource("QuadMesh_weo5w")

[node name="Clouds" type="Node3D" parent="."]
transform = Transform3D(1, 0, 0, 0, 1, 0, 0, 0, 1, 0, 0, -130)

[node name="Cloud" parent="Clouds" instance=ExtResource("4_edb36")]
transform = Transform3D(1, 0, 0, 0, 1, 0, 0, 0, 1, -50.7679, 43.344, 0)

[node name="Cloud2" parent="Clouds" instance=ExtResource("4_edb36")]
transform = Transform3D(1, 0, 0, 0, 1, 0, 0, 0, 1, 13.5287, 68.0499, 0)

[node name="Cloud3" parent="Clouds" instance=ExtResource("4_edb36")]
transform = Transform3D(1, 0, 0, 0, 1, 0, 0, 0, 1, -183.453, 26.1573, 0)

[node name="Building2" parent="." instance=ExtResource("5_pdc1a")]
transform = Transform3D(1, 0, 0, 0, 1, 0, 0, 0, 1, -0.175779, 1.32359, 55.2519)

[node name="Building1" parent="." instance=ExtResource("2_3hcdi")]
transform = Transform3D(0.993256, 0, -0.115943, 0, 1, 0, 0.115943, 0, 0.993256, -2.75401, 1.75386, 48.0868)

[node name="Building3" parent="." instance=ExtResource("2_3hcdi")]
transform = Transform3D(0.993256, 0, -0.115943, 0, 1, 0, 0.115943, 0, 0.993256, 1.71484, 1.75386, 48.6184)

[node name="Building4" parent="." instance=ExtResource("2_3hcdi")]
transform = Transform3D(0.993256, 0, -0.115943, 0, 1, 0, 0.115943, 0, 0.993256, 6.36554, 1.75386, 49.2231)
